GO:0005813	GO:0048471	GO:0030424	GO:0005938	GO:0005789	GO:0030425	GO:0045202	GO:0045211	GO:0044432	GO:0044427	GO:0070013;GO:0043233;GO:0031974	GO:0031965	GO:0044456	GO:0098590	GO:0044441	GO:0030529	GO:0016607	GO:0005765	GO:0005769	GO:0005774;GO:0044437	GO:0000139;GO:0044431	GO:0031410	GO:0005912;GO:0070161	GO:0005694	GO:0016604	GO:0005874	GO:0030054	GO:0005730	GO:0016324	GO:0005911	GO:0044454	GO:0005743;GO:0019866	GO:0009986	GO:0070062;GO:0065010;GO:0043230	GO:0033267	GO:0016023	GO:0005768	GO:0045121	GO:0044429	GO:0044451	GO:0031301	GO:0030135	GO:0005929	GO:0030659;GO:0012506;GO:0044433	GO:1902494	GO:0000151	GO:0005773;GO:0005764;GO:0000323	GO:0005576	GO:0005667	GO:0005622	GO:1990234	GO:0014069	GO:0000785	GO:0097060	GO:0005615	GO:0005815	GO:0031966	GO:0005887	GO:0031253	GO:0044463	GO:0043005	GO:0010008;GO:0044440	GO:0044297;GO:0043025
0	0.890	0.949	0.889	0.979	0.948	0.938	0.980	0.977	0.836	0.972	0.903	0.951	0.949	0.727	0.982	0.958	0.991	0.953	0.988	0.964	0.885	0.916	0.898	0.936	0.721	0.872	0.926	0.960	0.891	0.924	0.994	0.984	0.938	0.961	0.944	0.913	0.963	0.977	0.910	1.000	0.956	0.772	0.936	0.862	0.923	0.969	0.979	0.963	0.931	0.968	0.953	0.942	0.978	0.979	0.000	0.992	0.992	0.941	0.715	0.897	0.965	0.926
0.890	0	0.791	0.798	0.879	0.752	0.810	0.811	0.855	0.940	0.956	0.890	0.800	0.860	0.953	0.948	0.938	0.867	0.834	0.890	0.813	0.718	0.822	0.946	0.877	0.909	0.708	0.915	0.820	0.749	0.962	0.972	0.866	0.843	0.776	0.780	0.776	0.730	0.940	0.857	0.924	0.730	0.953	0.812	0.901	0.876	0.878	0.887	0.944	0.901	0.964	0.720	0.959	0.801	0.909	0.891	0.952	0.879	0.861	0.748	0.661	0.837	0.765
0.949	0.791	0	0.870	0.914	0.495	0.596	0.632	0.896	0.968	0.939	0.932	0.583	0.807	0.964	0.968	0.979	0.940	0.798	0.931	0.848	0.709	0.862	0.972	0.896	0.854	0.543	0.955	0.824	0.810	0.986	0.972	0.757	0.845	0.474	0.826	0.754	0.735	0.955	0.888	0.895	0.814	0.963	0.821	0.925	0.934	0.909	0.834	0.986	0.824	0.986	0.614	0.979	0.621	0.877	0.930	0.963	0.663	0.826	0.425	0.000	0.886	0.583
0.889	0.798	0.870	0	0.957	0.885	0.817	0.915	0.942	0.918	0.957	0.957	0.798	0.856	0.976	0.976	0.986	0.971	0.952	0.962	0.880	0.760	0.856	0.942	0.957	0.928	0.505	0.894	0.899	0.851	0.986	0.990	0.875	0.764	0.885	0.837	0.918	0.947	0.986	0.933	0.995	0.962	0.971	0.913	0.942	0.966	0.957	0.678	0.995	0.923	0.986	0.861	0.986	0.904	0.827	0.875	0.986	0.909	0.846	0.663	0.707	0.962	0.856
0.979	0.879	0.914	0.957	0	0.904	0.926	0.930	0.000	0.989	0.948	0.806	0.918	0.919	0.964	0.983	0.979	0.884	0.905	0.887	0.773	0.819	0.967	0.992	0.972	0.958	0.923	0.973	0.923	0.932	0.990	0.946	0.915	0.953	0.901	0.882	0.878	0.865	0.916	0.975	0.552	0.889	0.953	0.844	0.909	0.950	0.924	0.941	0.986	0.950	0.921	0.924	0.984	0.924	0.959	0.967	0.899	0.921	0.909	0.899	0.888	0.869	0.891
0.948	0.752	0.495	0.885	0.904	0	0.496	0.478	0.884	0.953	0.951	0.920	0.499	0.783	0.947	0.948	0.958	0.897	0.810	0.919	0.873	0.695	0.865	0.972	0.897	0.895	0.491	0.938	0.787	0.807	0.976	0.981	0.784	0.863	0.504	0.809	0.752	0.749	0.964	0.879	0.929	0.770	0.930	0.804	0.912	0.923	0.897	0.897	0.991	0.817	0.975	0.517	0.979	0.491	0.897	0.938	0.969	0.690	0.798	0.455	0.000	0.880	0.447
0.938	0.810	0.596	0.817	0.926	0.496	0	0.134	0.887	0.981	0.934	0.928	0.343	0.740	0.926	0.973	0.958	0.876	0.802	0.882	0.858	0.634	0.789	0.972	0.936	0.951	0.302	0.957	0.724	0.707	0.986	0.968	0.748	0.823	0.414	0.753	0.777	0.693	0.960	0.928	0.843	0.655	0.918	0.753	0.934	0.907	0.880	0.851	0.991	0.843	0.986	0.343	0.988	0.191	0.886	0.934	0.952	0.751	0.735	0.540	0.404	0.875	0.614
0.980	0.811	0.632	0.915	0.930	0.478	0.134	0	0.881	0.960	0.960	0.965	0.000	0.652	0.970	0.965	0.985	0.985	0.905	0.985	0.871	0.756	0.871	0.970	0.905	0.995	0.169	0.975	0.791	0.766	0.980	0.995	0.826	0.856	0.642	0.866	0.821	0.806	0.970	0.900	0.965	0.925	0.975	0.851	0.910	0.920	0.900	0.910	1.000	0.736	1.000	0.413	0.990	0.000	0.900	0.960	0.980	0.642	0.766	0.363	0.244	0.945	0.607
0.977	0.855	0.896	0.942	0.000	0.884	0.887	0.881	0	0.987	0.673	0.781	0.869	0.900	0.958	0.977	0.976	0.867	0.874	0.861	0.700	0.805	0.916	0.992	0.968	0.958	0.902	0.970	0.908	0.913	0.986	0.940	0.807	0.872	0.875	0.797	0.865	0.809	0.900	0.976	0.476	0.827	0.948	0.778	0.913	0.931	0.890	0.840	0.986	0.933	0.914	0.881	0.979	0.881	0.817	0.963	0.890	0.892	0.906	0.903	0.886	0.861	0.869
0.836	0.940	0.968	0.918	0.989	0.953	0.981	0.960	0.987	0	0.980	0.810	0.969	0.983	0.985	0.935	0.851	0.987	0.992	0.988	0.984	0.974	0.945	0.394	0.803	0.861	0.940	0.826	0.982	0.965	0.000	0.978	0.997	0.982	0.935	0.985	0.980	0.981	0.982	0.676	0.976	0.991	0.988	0.987	0.766	0.900	0.988	0.984	0.772	0.958	0.785	0.962	0.000	0.971	0.982	0.867	0.988	1.000	0.983	0.936	0.923	0.995	0.953
0.972	0.956	0.939	0.957	0.948	0.951	0.934	0.960	0.673	0.980	0	0.954	0.942	0.931	0.982	0.979	0.979	0.863	0.945	0.757	0.848	0.818	0.895	0.983	0.976	0.997	0.891	0.968	0.912	0.968	0.979	0.823	0.823	0.727	0.918	0.853	0.891	0.907	0.607	0.972	0.929	0.894	0.978	0.750	0.935	0.985	0.873	0.564	0.977	0.931	0.975	0.953	0.979	0.964	0.738	0.978	0.844	0.946	0.951	0.913	0.913	0.896	0.946
0.903	0.890	0.932	0.957	0.806	0.920	0.928	0.965	0.781	0.810	0.954	0	0.924	0.949	0.970	0.907	0.920	0.983	0.941	0.983	0.916	0.890	0.970	0.886	0.857	0.966	0.911	0.895	0.966	0.975	0.911	0.857	0.983	0.937	0.966	0.954	0.895	0.902	0.941	0.827	0.924	0.969	0.975	0.886	0.907	0.979	0.954	0.954	0.967	0.890	0.970	0.975	0.920	0.966	0.966	0.890	0.945	0.924	0.966	0.857	0.827	0.970	0.958
0.951	0.800	0.583	0.798	0.918	0.499	0.343	0.000	0.869	0.969	0.942	0.924	0	0.725	0.947	0.975	0.962	0.863	0.783	0.873	0.850	0.558	0.778	0.972	0.920	0.941	0.368	0.969	0.761	0.701	0.976	0.965	0.780	0.828	0.280	0.674	0.754	0.660	0.957	0.914	0.790	0.429	0.950	0.713	0.947	0.934	0.853	0.897	0.995	0.828	0.989	0.000	0.984	0.000	0.896	0.947	0.957	0.768	0.732	0.448	0.357	0.828	0.589
0.949	0.860	0.807	0.856	0.919	0.783	0.740	0.652	0.900	0.983	0.931	0.949	0.725	0	0.766	0.993	0.983	0.841	0.794	0.876	0.900	0.691	0.771	0.986	0.978	0.976	0.610	0.963	0.000	0.678	0.993	1.000	0.725	0.767	0.737	0.811	0.748	0.665	0.983	0.978	0.957	0.881	0.826	0.792	0.958	0.988	0.868	0.841	1.000	0.809	0.975	0.729	0.988	0.697	0.895	0.887	0.993	0.591	0.481	0.512	0.659	0.891	0.809
0.727	0.953	0.964	0.976	0.964	0.947	0.926	0.970	0.958	0.985	0.982	0.970	0.947	0.766	0	0.991	0.983	0.991	0.964	0.982	0.961	0.872	0.956	0.970	0.955	0.836	0.914	0.973	0.901	0.926	1.000	0.991	0.970	0.941	0.953	0.944	0.941	0.944	0.973	0.947	0.976	0.965	0.291	0.893	0.899	1.000	0.964	0.947	1.000	0.935	0.968	0.945	0.992	0.971	0.979	0.537	0.988	0.878	0.711	0.000	0.911	0.976	0.935
0.982	0.948	0.968	0.976	0.983	0.948	0.973	0.965	0.977	0.935	0.979	0.907	0.975	0.993	0.991	0	0.747	0.991	0.980	0.988	0.992	0.979	0.978	0.926	0.818	0.986	0.950	0.734	0.989	0.968	0.931	0.842	0.984	0.958	0.974	0.988	0.987	0.991	0.857	0.803	0.986	0.996	0.993	0.979	0.941	0.954	0.976	0.981	0.958	0.901	0.946	0.962	0.955	0.975	0.988	0.981	0.868	0.998	0.993	0.969	0.952	0.992	0.963
0.958	0.938	0.979	0.986	0.979	0.958	0.958	0.985	0.976	0.851	0.979	0.920	0.962	0.983	0.983	0.747	0	1.000	0.992	0.997	0.983	0.934	0.967	0.896	0.000	0.990	0.941	0.875	0.985	0.979	0.931	0.983	0.993	0.969	0.961	0.958	0.976	0.981	0.965	0.000	0.995	0.956	0.972	0.944	0.830	0.934	0.997	0.983	0.944	0.948	0.903	0.983	0.918	0.982	0.997	0.941	0.972	0.997	0.983	0.917	0.913	0.986	0.969
0.991	0.867	0.940	0.971	0.884	0.897	0.876	0.985	0.867	0.987	0.863	0.983	0.863	0.841	0.991	0.991	1.000	0	0.880	0.000	0.798	0.579	0.953	0.996	0.987	1.000	0.863	0.983	0.858	0.974	1.000	0.970	0.944	0.785	0.935	0.678	0.511	0.926	0.940	0.987	0.924	0.819	0.970	0.695	0.983	1.000	0.240	0.854	1.000	0.961	0.996	0.961	0.991	0.936	0.927	0.970	0.957	0.871	0.906	0.833	0.833	0.567	0.884
0.953	0.834	0.798	0.952	0.905	0.810	0.802	0.905	0.874	0.992	0.945	0.941	0.783	0.794	0.964	0.980	0.992	0.880	0	0.874	0.787	0.542	0.949	0.980	0.980	0.968	0.822	0.945	0.846	0.913	0.996	0.992	0.885	0.854	0.892	0.684	0.000	0.763	0.964	0.980	0.952	0.819	0.964	0.711	0.968	0.984	0.791	0.913	0.995	0.818	0.988	0.890	1.000	0.913	0.945	0.893	0.972	0.759	0.901	0.751	0.640	0.542	0.798
0.988	0.890	0.931	0.962	0.887	0.919	0.882	0.985	0.861	0.988	0.757	0.983	0.873	0.876	0.982	0.988	0.997	0.000	0.874	0	0.806	0.630	0.938	0.988	0.974	0.990	0.864	0.977	0.860	0.961	0.997	0.978	0.938	0.725	0.922	0.740	0.598	0.921	0.945	0.974	0.910	0.774	0.974	0.679	0.983	1.000	0.329	0.763	0.995	0.962	0.989	0.936	0.992	0.931	0.890	0.971	0.962	0.887	0.916	0.850	0.855	0.656	0.902
0.964	0.813	0.848	0.880	0.773	0.873	0.858	0.871	0.700	0.984	0.848	0.916	0.850	0.900	0.961	0.992	0.983	0.798	0.787	0.806	0	0.652	0.895	0.966	0.953	0.955	0.840	0.971	0.908	0.894	0.972	0.975	0.816	0.852	0.841	0.707	0.753	0.828	0.963	0.956	0.748	0.544	0.953	0.728	0.964	0.927	0.853	0.816	0.991	0.935	0.989	0.869	0.984	0.874	0.850	0.954	0.957	0.908	0.885	0.855	0.818	0.733	0.879
0.885	0.718	0.709	0.760	0.819	0.695	0.634	0.756	0.805	0.974	0.818	0.890	0.558	0.691	0.872	0.979	0.934	0.579	0.542	0.630	0.652	0	0.753	0.969	0.929	0.840	0.701	0.949	0.636	0.765	0.997	0.972	0.646	0.763	0.603	0.000	0.575	0.670	0.944	0.950	0.762	0.000	0.864	0.323	0.935	0.923	0.592	0.813	0.986	0.866	0.939	0.712	0.979	0.650	0.774	0.871	0.942	0.766	0.714	0.734	0.712	0.564	0.686
0.916	0.822	0.862	0.856	0.967	0.865	0.789	0.871	0.916	0.945	0.895	0.970	0.778	0.771	0.956	0.978	0.967	0.953	0.949	0.938	0.895	0.753	0	0.978	0.931	0.927	0.000	0.938	0.838	0.604	0.985	0.996	0.829	0.753	0.909	0.829	0.862	0.828	0.964	0.927	0.986	0.947	0.949	0.865	0.953	0.985	0.971	0.822	1.000	0.895	0.996	0.797	0.984	0.876	0.887	0.858	0.982	0.800	0.880	0.665	0.684	0.949	0.869
0.898	0.946	0.972	0.942	0.992	0.972	0.972	0.970	0.992	0.394	0.983	0.886	0.972	0.986	0.970	0.926	0.896	0.996	0.980	0.988	0.966	0.969	0.978	0	0.796	0.906	0.941	0.830	0.985	0.977	0.685	0.984	0.987	0.941	0.961	0.986	0.975	0.977	0.980	0.717	0.986	0.991	0.972	0.989	0.864	0.961	0.992	0.941	0.949	0.969	0.896	0.987	0.712	0.978	0.960	0.861	0.989	0.994	0.983	0.935	0.932	0.994	0.975
0.936	0.877	0.896	0.957	0.972	0.897	0.936	0.905	0.968	0.803	0.976	0.857	0.920	0.978	0.955	0.818	0.000	0.987	0.980	0.974	0.953	0.929	0.931	0.796	0	0.958	0.898	0.872	0.974	0.920	0.806	0.972	0.977	0.957	0.931	0.956	0.955	0.967	0.968	0.000	0.990	0.907	0.953	0.942	0.835	0.849	0.968	0.968	0.874	0.951	0.864	0.907	0.802	0.924	0.969	0.930	0.969	0.994	0.972	0.885	0.848	0.970	0.923
0.721	0.909	0.854	0.928	0.958	0.895	0.951	0.995	0.958	0.861	0.997	0.966	0.941	0.976	0.836	0.986	0.990	1.000	0.968	0.990	0.955	0.840	0.927	0.906	0.958	0	0.882	0.948	0.982	0.920	0.958	0.990	0.983	0.906	0.918	0.920	0.934	0.963	0.976	0.937	0.986	0.969	0.787	0.937	0.861	0.985	0.979	0.990	0.981	0.983	0.989	0.962	0.963	0.986	0.986	0.638	0.983	0.969	0.951	0.662	0.805	0.958	0.878
0.872	0.708	0.543	0.505	0.923	0.491	0.302	0.169	0.902	0.940	0.891	0.911	0.368	0.610	0.914	0.950	0.941	0.863	0.822	0.864	0.840	0.701	0.000	0.941	0.898	0.882	0	0.935	0.574	0.000	0.952	0.956	0.597	0.725	0.474	0.695	0.781	0.553	0.952	0.930	0.833	0.659	0.913	0.703	0.938	0.907	0.836	0.828	0.986	0.808	0.978	0.356	0.947	0.213	0.815	0.864	0.947	0.682	0.659	0.648	0.555	0.831	0.606
0.926	0.915	0.955	0.894	0.973	0.938	0.957	0.975	0.970	0.826	0.968	0.895	0.969	0.963	0.973	0.734	0.875	0.983	0.945	0.977	0.971	0.949	0.938	0.830	0.872	0.948	0.935	0	0.963	0.949	0.813	0.965	0.964	0.960	0.961	0.963	0.960	0.958	0.957	0.838	0.981	0.982	0.980	0.977	0.878	0.907	0.963	0.952	0.828	0.935	0.882	0.953	0.840	0.978	0.961	0.924	0.957	0.976	0.962	0.940	0.924	0.962	0.950
0.960	0.820	0.824	0.899	0.923	0.787	0.724	0.791	0.908	0.982	0.912	0.966	0.761	0.000	0.901	0.989	0.985	0.858	0.846	0.860	0.908	0.636	0.838	0.985	0.974	0.982	0.574	0.963	0	0.746	0.993	1.000	0.772	0.739	0.849	0.776	0.710	0.735	0.982	0.974	0.981	0.916	0.864	0.790	0.945	0.992	0.835	0.809	1.000	0.787	0.974	0.852	0.992	0.812	0.882	0.897	0.993	0.555	0.691	0.562	0.680	0.879	0.801
0.891	0.749	0.810	0.851	0.932	0.807	0.707	0.766	0.913	0.965	0.968	0.975	0.701	0.678	0.926	0.968	0.979	0.974	0.913	0.961	0.894	0.765	0.604	0.977	0.920	0.920	0.000	0.949	0.746	0	0.990	0.990	0.820	0.762	0.832	0.865	0.791	0.767	0.984	0.920	0.976	0.951	0.913	0.855	0.949	0.988	0.907	0.833	1.000	0.823	0.982	0.775	0.988	0.773	0.920	0.833	0.990	0.727	0.857	0.640	0.582	0.907	0.862
0.924	0.962	0.986	0.986	0.990	0.976	0.986	0.980	0.986	0.000	0.979	0.911	0.976	0.993	1.000	0.931	0.931	1.000	0.996	0.997	0.972	0.997	0.985	0.685	0.806	0.958	0.952	0.813	0.993	0.990	0	0.983	1.000	0.993	0.974	1.000	0.993	0.991	0.993	0.630	0.986	1.000	0.997	0.986	0.740	0.954	0.997	0.976	0.791	0.958	0.853	0.987	0.354	0.986	0.986	0.924	0.997	1.000	0.997	0.965	0.952	1.000	0.983
0.994	0.972	0.972	0.990	0.946	0.981	0.968	0.995	0.940	0.978	0.823	0.857	0.965	1.000	0.991	0.842	0.983	0.970	0.992	0.978	0.975	0.972	0.996	0.984	0.972	0.990	0.956	0.965	1.000	0.990	0.983	0	0.987	0.962	0.978	0.978	0.962	0.958	0.095	0.972	0.800	0.978	0.997	0.972	0.924	1.000	0.978	0.997	0.991	0.915	0.989	0.983	0.979	0.993	0.975	0.991	0.098	0.978	0.990	0.959	0.959	0.968	0.965
0.984	0.866	0.757	0.875	0.915	0.784	0.748	0.826	0.807	0.997	0.823	0.983	0.780	0.725	0.970	0.984	0.993	0.944	0.885	0.938	0.816	0.646	0.829	0.987	0.977	0.983	0.597	0.964	0.772	0.820	1.000	0.987	0	0.777	0.776	0.767	0.784	0.767	0.967	0.977	0.971	0.920	0.957	0.780	0.974	0.992	0.898	0.557	1.000	0.872	0.993	0.869	1.000	0.805	0.652	0.957	0.980	0.548	0.836	0.692	0.639	0.882	0.780
0.938	0.843	0.845	0.764	0.953	0.863	0.823	0.856	0.872	0.982	0.727	0.937	0.828	0.767	0.941	0.958	0.969	0.785	0.854	0.725	0.852	0.763	0.753	0.941	0.957	0.906	0.725	0.960	0.739	0.762	0.993	0.962	0.777	0	0.797	0.803	0.818	0.805	0.952	0.958	0.910	0.827	0.933	0.725	0.976	0.981	0.829	0.627	0.981	0.881	0.975	0.801	0.975	0.819	0.685	0.921	0.957	0.839	0.819	0.800	0.819	0.782	0.854
0.961	0.776	0.474	0.885	0.901	0.504	0.414	0.642	0.875	0.935	0.918	0.966	0.280	0.737	0.953	0.974	0.961	0.935	0.892	0.922	0.841	0.603	0.909	0.961	0.931	0.918	0.474	0.961	0.849	0.832	0.974	0.978	0.776	0.797	0	0.737	0.772	0.791	0.957	0.927	0.919	0.814	0.948	0.737	0.953	0.978	0.849	0.875	1.000	0.841	0.987	0.733	0.991	0.526	0.888	0.961	0.961	0.668	0.724	0.000	0.181	0.897	0.534
0.944	0.780	0.826	0.837	0.882	0.809	0.753	0.866	0.797	0.985	0.853	0.954	0.674	0.811	0.944	0.988	0.958	0.678	0.684	0.740	0.707	0.000	0.829	0.986	0.956	0.920	0.695	0.963	0.776	0.865	1.000	0.978	0.767	0.803	0.737	0	0.633	0.791	0.946	0.950	0.852	0.000	0.906	0.577	0.944	0.954	0.731	0.817	0.995	0.913	0.961	0.809	0.992	0.773	0.833	0.929	0.952	0.859	0.833	0.722	0.693	0.706	0.780
0.913	0.776	0.754	0.918	0.878	0.752	0.777	0.821	0.865	0.980	0.891	0.895	0.754	0.748	0.941	0.987	0.976	0.511	0.000	0.598	0.753	0.575	0.862	0.975	0.955	0.934	0.781	0.960	0.710	0.791	0.993	0.962	0.784	0.818	0.772	0.633	0	0.600	0.961	0.961	0.867	0.558	0.933	0.691	0.955	0.954	0.538	0.880	0.977	0.863	0.968	0.763	0.984	0.812	0.896	0.894	0.952	0.785	0.767	0.766	0.728	0.109	0.772
0.963	0.730	0.735	0.947	0.865	0.749	0.693	0.806	0.809	0.981	0.907	0.902	0.660	0.665	0.944	0.991	0.981	0.926	0.763	0.921	0.828	0.670	0.828	0.977	0.967	0.963	0.553	0.958	0.735	0.767	0.991	0.958	0.767	0.805	0.791	0.791	0.600	0	0.898	0.958	0.971	0.888	0.953	0.791	0.912	0.986	0.865	0.828	1.000	0.777	0.986	0.837	0.986	0.781	0.847	0.912	0.907	0.600	0.786	0.563	0.479	0.819	0.698
0.977	0.940	0.955	0.986	0.916	0.964	0.960	0.970	0.900	0.982	0.607	0.941	0.957	0.983	0.973	0.857	0.965	0.940	0.964	0.945	0.963	0.944	0.964	0.980	0.968	0.976	0.952	0.957	0.982	0.984	0.993	0.095	0.967	0.952	0.957	0.946	0.961	0.898	0	0.970	0.786	0.960	0.988	0.954	0.900	0.988	0.936	0.977	0.977	0.930	0.968	0.966	0.984	0.975	0.972	0.982	0.000	0.980	0.972	0.952	0.936	0.954	0.928
0.910	0.857	0.888	0.933	0.975	0.879	0.928	0.900	0.976	0.676	0.972	0.827	0.914	0.978	0.947	0.803	0.000	0.987	0.980	0.974	0.956	0.950	0.927	0.717	0.000	0.937	0.930	0.838	0.974	0.920	0.630	0.972	0.977	0.958	0.927	0.950	0.961	0.958	0.970	0	0.986	0.903	0.948	0.943	0.634	0.788	0.968	0.979	0.637	0.943	0.348	0.898	0.658	0.921	0.969	0.912	0.966	0.995	0.969	0.918	0.887	0.967	0.908
1.000	0.924	0.895	0.995	0.552	0.929	0.843	0.965	0.476	0.976	0.929	0.924	0.790	0.957	0.976	0.986	0.995	0.924	0.952	0.910	0.748	0.762	0.986	0.986	0.990	0.986	0.833	0.981	0.981	0.976	0.986	0.800	0.971	0.910	0.919	0.852	0.867	0.971	0.786	0.986	0	0.886	0.971	0.781	0.938	0.981	0.933	0.971	0.995	0.962	0.981	0.929	0.981	0.924	0.962	0.976	0.790	0.876	0.971	0.867	0.824	0.938	0.895
0.956	0.730	0.814	0.962	0.889	0.770	0.655	0.925	0.827	0.991	0.894	0.969	0.429	0.881	0.965	0.996	0.956	0.819	0.819	0.774	0.544	0.000	0.947	0.991	0.907	0.969	0.659	0.982	0.916	0.951	1.000	0.978	0.920	0.827	0.814	0.000	0.558	0.888	0.960	0.903	0.886	0	0.951	0.460	0.938	0.947	0.761	0.885	0.995	0.920	0.996	0.858	0.996	0.814	0.876	0.934	0.965	0.854	0.903	0.646	0.575	0.730	0.748
0.772	0.953	0.963	0.971	0.953	0.930	0.918	0.975	0.948	0.988	0.978	0.975	0.950	0.826	0.291	0.993	0.972	0.970	0.964	0.974	0.953	0.864	0.949	0.972	0.953	0.787	0.913	0.980	0.864	0.913	0.997	0.997	0.957	0.933	0.948	0.906	0.933	0.953	0.988	0.948	0.971	0.951	0	0.896	0.935	0.985	0.980	0.940	0.977	0.928	0.989	0.949	1.000	0.978	0.975	0.650	0.995	0.876	0.784	0.377	0.901	0.970	0.940
0.936	0.812	0.821	0.913	0.844	0.804	0.753	0.851	0.778	0.987	0.750	0.886	0.713	0.792	0.893	0.979	0.944	0.695	0.711	0.679	0.728	0.323	0.865	0.989	0.942	0.937	0.703	0.977	0.790	0.855	0.986	0.972	0.780	0.725	0.737	0.577	0.691	0.791	0.954	0.943	0.781	0.460	0.896	0	0.945	0.927	0.765	0.716	0.991	0.890	0.975	0.814	0.992	0.791	0.844	0.917	0.952	0.815	0.794	0.734	0.741	0.719	0.804
0.862	0.901	0.925	0.942	0.909	0.912	0.934	0.910	0.913	0.766	0.935	0.907	0.947	0.958	0.899	0.941	0.830	0.983	0.968	0.983	0.964	0.935	0.953	0.864	0.835	0.861	0.938	0.878	0.945	0.949	0.740	0.924	0.974	0.976	0.953	0.944	0.955	0.912	0.900	0.634	0.938	0.938	0.935	0.945	0	0.000	0.951	0.984	0.753	0.970	0.000	0.907	0.786	0.931	0.974	0.873	0.921	0.990	0.983	0.908	0.915	0.973	0.901
0.923	0.876	0.934	0.966	0.950	0.923	0.907	0.920	0.931	0.900	0.985	0.979	0.934	0.988	1.000	0.954	0.934	1.000	0.984	1.000	0.927	0.923	0.985	0.961	0.849	0.985	0.907	0.907	0.992	0.988	0.954	1.000	0.992	0.981	0.978	0.954	0.954	0.986	0.988	0.788	0.981	0.947	0.985	0.927	0.000	0	0.992	0.988	0.972	0.981	0.977	0.928	0.951	0.938	0.969	0.884	0.992	0.992	1.000	0.931	0.900	0.988	0.923
0.969	0.878	0.909	0.957	0.924	0.897	0.880	0.900	0.890	0.988	0.873	0.954	0.853	0.868	0.964	0.976	0.997	0.240	0.791	0.329	0.853	0.592	0.971	0.992	0.968	0.979	0.836	0.963	0.835	0.907	0.997	0.978	0.898	0.829	0.849	0.731	0.538	0.865	0.936	0.968	0.933	0.761	0.980	0.765	0.951	0.992	0	0.836	0.991	0.922	0.961	0.945	1.000	0.877	0.870	0.956	0.958	0.890	0.902	0.814	0.817	0.662	0.903
0.979	0.887	0.834	0.678	0.941	0.897	0.851	0.910	0.840	0.984	0.564	0.954	0.897	0.841	0.947	0.981	0.983	0.854	0.913	0.763	0.816	0.813	0.822	0.941	0.968	0.990	0.828	0.952	0.809	0.833	0.976	0.997	0.557	0.627	0.875	0.817	0.880	0.828	0.977	0.979	0.971	0.885	0.940	0.716	0.984	0.988	0.836	0	0.986	0.906	0.978	0.903	0.984	0.903	0.258	0.970	0.988	0.815	0.861	0.894	0.881	0.864	0.911
0.963	0.944	0.986	0.995	0.986	0.991	0.991	1.000	0.986	0.772	0.977	0.967	0.995	1.000	1.000	0.958	0.944	1.000	0.995	0.995	0.991	0.986	1.000	0.949	0.874	0.981	0.986	0.828	1.000	1.000	0.791	0.991	1.000	0.981	1.000	0.995	0.977	1.000	0.977	0.637	0.995	0.995	0.977	0.991	0.753	0.972	0.991	0.986	0	0.949	0.828	1.000	0.837	1.000	0.991	0.953	0.986	1.000	0.995	0.991	0.967	0.991	0.991
0.931	0.901	0.824	0.923	0.950	0.817	0.843	0.736	0.933	0.958	0.931	0.890	0.828	0.809	0.935	0.901	0.948	0.961	0.818	0.962	0.935	0.866	0.895	0.969	0.951	0.983	0.808	0.935	0.787	0.823	0.958	0.915	0.872	0.881	0.841	0.913	0.863	0.777	0.930	0.943	0.962	0.920	0.928	0.890	0.970	0.981	0.922	0.906	0.949	0	0.964	0.771	0.938	0.787	0.900	0.930	0.930	0.793	0.861	0.839	0.781	0.932	0.864
0.968	0.964	0.986	0.986	0.921	0.975	0.986	1.000	0.914	0.785	0.975	0.970	0.989	0.975	0.968	0.946	0.903	0.996	0.988	0.989	0.989	0.939	0.996	0.896	0.864	0.989	0.978	0.882	0.974	0.982	0.853	0.989	0.993	0.975	0.987	0.961	0.968	0.986	0.968	0.348	0.981	0.996	0.989	0.975	0.000	0.977	0.961	0.978	0.828	0.964	0	0.996	0.877	0.996	0.993	0.953	0.989	0.996	0.989	0.943	0.950	0.986	0.978
0.953	0.720	0.614	0.861	0.924	0.517	0.343	0.413	0.881	0.962	0.953	0.975	0.000	0.729	0.945	0.962	0.983	0.961	0.890	0.936	0.869	0.712	0.797	0.987	0.907	0.962	0.356	0.953	0.852	0.775	0.987	0.983	0.869	0.801	0.733	0.809	0.763	0.837	0.966	0.898	0.929	0.858	0.949	0.814	0.907	0.928	0.945	0.903	1.000	0.771	0.996	0	0.987	0.403	0.898	0.928	0.970	0.754	0.784	0.360	0.237	0.924	0.559
0.942	0.959	0.979	0.986	0.984	0.979	0.988	0.990	0.979	0.000	0.979	0.920	0.984	0.988	0.992	0.955	0.918	0.991	1.000	0.992	0.984	0.979	0.984	0.712	0.802	0.963	0.947	0.840	0.992	0.988	0.354	0.979	1.000	0.975	0.991	0.992	0.984	0.986	0.984	0.658	0.981	0.996	1.000	0.992	0.786	0.951	1.000	0.984	0.837	0.938	0.877	0.987	0	0.992	0.967	0.926	0.992	1.000	0.996	0.955	0.942	0.996	0.971
0.978	0.801	0.621	0.904	0.924	0.491	0.191	0.000	0.881	0.971	0.964	0.966	0.000	0.697	0.971	0.975	0.982	0.936	0.913	0.931	0.874	0.650	0.876	0.978	0.924	0.986	0.213	0.978	0.812	0.773	0.986	0.993	0.805	0.819	0.526	0.773	0.812	0.781	0.975	0.921	0.924	0.814	0.978	0.791	0.931	0.938	0.877	0.903	1.000	0.787	0.996	0.403	0.992	0	0.895	0.964	0.982	0.661	0.798	0.354	0.235	0.935	0.585
0.979	0.909	0.877	0.827	0.959	0.897	0.886	0.900	0.817	0.982	0.738	0.966	0.896	0.895	0.979	0.988	0.997	0.927	0.945	0.890	0.850	0.774	0.887	0.960	0.969	0.986	0.815	0.961	0.882	0.920	0.986	0.975	0.652	0.685	0.888	0.833	0.896	0.847	0.972	0.969	0.962	0.876	0.975	0.844	0.974	0.969	0.870	0.258	0.991	0.900	0.993	0.898	0.967	0.895	0	0.970	0.976	0.844	0.902	0.852	0.846	0.918	0.884
0.000	0.891	0.930	0.875	0.967	0.938	0.934	0.960	0.963	0.867	0.978	0.890	0.947	0.887	0.537	0.981	0.941	0.970	0.893	0.971	0.954	0.871	0.858	0.861	0.930	0.638	0.864	0.924	0.897	0.833	0.924	0.991	0.957	0.921	0.961	0.929	0.894	0.912	0.982	0.912	0.976	0.934	0.650	0.917	0.873	0.884	0.956	0.970	0.953	0.930	0.953	0.928	0.926	0.964	0.970	0	0.990	0.974	0.868	0.676	0.914	0.929	0.916
0.992	0.952	0.963	0.986	0.899	0.969	0.952	0.980	0.890	0.988	0.844	0.945	0.957	0.993	0.988	0.868	0.972	0.957	0.972	0.962	0.957	0.942	0.982	0.989	0.969	0.983	0.947	0.957	0.993	0.990	0.997	0.098	0.980	0.957	0.961	0.952	0.952	0.907	0.000	0.966	0.790	0.965	0.995	0.952	0.921	0.992	0.958	0.988	0.986	0.930	0.989	0.970	0.992	0.982	0.976	0.990	0	0.976	0.972	0.945	0.916	0.962	0.933
0.992	0.879	0.663	0.909	0.921	0.690	0.751	0.642	0.892	1.000	0.946	0.924	0.768	0.591	0.878	0.998	0.997	0.871	0.759	0.887	0.908	0.766	0.800	0.994	0.994	0.969	0.682	0.976	0.555	0.727	1.000	0.978	0.548	0.839	0.668	0.859	0.785	0.600	0.980	0.995	0.876	0.854	0.876	0.815	0.990	0.992	0.890	0.815	1.000	0.793	0.996	0.754	1.000	0.661	0.844	0.974	0.976	0	0.693	0.713	0.654	0.886	0.703
0.941	0.861	0.826	0.846	0.909	0.798	0.735	0.766	0.906	0.983	0.951	0.966	0.732	0.481	0.711	0.993	0.983	0.906	0.901	0.916	0.885	0.714	0.880	0.983	0.972	0.951	0.659	0.962	0.691	0.857	0.997	0.990	0.836	0.819	0.724	0.833	0.767	0.786	0.972	0.969	0.971	0.903	0.784	0.794	0.983	1.000	0.902	0.861	0.995	0.861	0.989	0.784	0.996	0.798	0.902	0.868	0.972	0.693	0	0.000	0.631	0.864	0.777
0.715	0.748	0.425	0.663	0.899	0.455	0.540	0.363	0.903	0.936	0.913	0.857	0.448	0.512	0.000	0.969	0.917	0.833	0.751	0.850	0.855	0.734	0.665	0.935	0.885	0.662	0.648	0.940	0.562	0.640	0.965	0.959	0.692	0.800	0.000	0.722	0.766	0.563	0.952	0.918	0.867	0.646	0.377	0.734	0.908	0.931	0.814	0.894	0.991	0.839	0.943	0.360	0.955	0.354	0.852	0.676	0.945	0.713	0.000	0	0.489	0.779	0.475
0.897	0.661	0.000	0.707	0.888	0.000	0.404	0.244	0.886	0.923	0.913	0.827	0.357	0.659	0.911	0.952	0.913	0.833	0.640	0.855	0.818	0.712	0.684	0.932	0.848	0.805	0.555	0.924	0.680	0.582	0.952	0.959	0.639	0.819	0.181	0.693	0.728	0.479	0.936	0.887	0.824	0.575	0.901	0.741	0.915	0.900	0.817	0.881	0.967	0.781	0.950	0.237	0.942	0.235	0.846	0.914	0.916	0.654	0.631	0.489	0	0.782	0.191
0.965	0.837	0.886	0.962	0.869	0.880	0.875	0.945	0.861	0.995	0.896	0.970	0.828	0.891	0.976	0.992	0.986	0.567	0.542	0.656	0.733	0.564	0.949	0.994	0.970	0.958	0.831	0.962	0.879	0.907	1.000	0.968	0.882	0.782	0.897	0.706	0.109	0.819	0.954	0.967	0.938	0.730	0.970	0.719	0.973	0.988	0.662	0.864	0.991	0.932	0.986	0.924	0.996	0.935	0.918	0.929	0.962	0.886	0.864	0.779	0.782	0	0.902
0.926	0.765	0.583	0.856	0.891	0.447	0.614	0.607	0.869	0.953	0.946	0.958	0.589	0.809	0.935	0.963	0.969	0.884	0.798	0.902	0.879	0.686	0.869	0.975	0.923	0.878	0.606	0.950	0.801	0.862	0.983	0.965	0.780	0.854	0.534	0.780	0.772	0.698	0.928	0.908	0.895	0.748	0.940	0.804	0.901	0.923	0.903	0.911	0.991	0.864	0.978	0.559	0.971	0.585	0.884	0.916	0.933	0.703	0.777	0.475	0.191	0.902	0
