GO:0003682	GO:0008270	GO:0016772	GO:0008324;GO:0046873;GO:0022890	GO:0050839	GO:0022892;GO:0005215	GO:0044212;GO:0000975;GO:0001067	GO:0000977;GO:0000976;GO:0001012	GO:0000981;GO:0003700;GO:0001071	GO:0019904	GO:0015631	GO:0046983	GO:0000989;GO:0000988;GO:0003712	GO:0008134	GO:0004175	GO:0046982	GO:0000978;GO:0000987;GO:0001159	GO:0070011;GO:0008233	GO:0017016;GO:0031267;GO:0051020	GO:0003779	GO:0005543	GO:0004842;GO:0019787;GO:0016881;GO:0016879	GO:0016874	GO:0015075;GO:0022891;GO:0022857	GO:0008047	GO:0004930	GO:0032403	GO:0048037	GO:0042803	GO:0004674	GO:0030695;GO:0060589	GO:0019901;GO:0019900	GO:0005509	GO:0016887	GO:0005525;GO:0032561;GO:0019001	GO:0005102	GO:0008289	GO:0005198	GO:0046914	GO:0016491	GO:0004888	GO:0043565	GO:0005085	GO:0035091	GO:0016301;GO:0004672;GO:0016773	GO:0017111;GO:0016462;GO:0016818;GO:0016817	GO:0042578	GO:0030234	GO:0038023;GO:0004871;GO:0004872;GO:0060089	GO:0016788	GO:0005216;GO:0022838;GO:0015267;GO:0022803	GO:0008092	GO:0031625;GO:0044389
0	0.877	0.947	0.993	0.993	0.992	0.572	0.581	0.622	0.922	0.964	0.781	0.713	0.712	1.000	0.838	0.584	0.963	0.990	0.993	0.978	0.949	0.952	0.995	0.982	1.000	0.874	0.970	0.894	0.969	1.000	0.919	0.950	0.887	0.977	0.872	0.972	0.975	0.856	0.947	0.987	0.534	0.985	0.982	0.970	0.904	0.995	0.960	0.957	0.955	1.000	0.950	0.944
0.877	0	0.941	0.980	0.935	0.963	0.888	0.877	0.883	0.908	0.952	0.897	0.864	0.922	0.699	0.954	0.891	0.718	0.928	0.949	0.947	0.734	0.766	0.975	0.954	0.986	0.925	0.901	0.919	0.975	0.983	0.916	0.924	0.958	0.991	0.832	0.933	0.968	0.000	0.936	0.958	0.885	0.960	0.954	0.962	0.970	0.943	0.952	0.908	0.936	0.960	0.938	0.862
0.947	0.941	0	0.993	0.870	0.993	0.966	0.980	0.977	0.906	0.932	0.874	0.962	0.917	0.947	0.908	0.979	0.963	0.918	0.881	0.929	0.963	0.961	0.992	0.887	0.986	0.880	0.985	0.905	0.000	0.924	0.753	0.926	0.940	0.855	0.865	0.919	0.902	0.926	0.969	0.814	0.958	0.806	0.927	0.000	0.947	0.934	0.890	0.802	0.923	0.987	0.906	0.897
0.993	0.980	0.993	0	0.978	0.000	0.997	0.997	0.990	0.939	0.996	0.875	0.986	1.000	0.996	0.966	0.996	0.993	0.983	0.975	0.949	0.997	0.997	0.000	0.990	0.977	0.973	1.000	0.916	1.000	0.992	0.949	0.872	0.928	0.986	0.922	0.936	0.993	0.966	0.943	0.932	0.997	0.980	0.940	0.993	0.932	0.995	0.983	0.916	0.997	0.215	0.919	0.991
0.993	0.935	0.870	0.978	0	0.957	0.993	0.996	0.989	0.808	0.944	0.841	0.967	0.960	0.938	0.953	1.000	0.942	0.906	0.819	0.859	1.000	1.000	0.967	0.891	0.923	0.511	0.990	0.862	0.946	0.908	0.844	0.790	0.958	0.973	0.522	0.833	0.772	0.902	0.949	0.837	0.993	0.886	0.908	0.870	0.953	0.934	0.837	0.797	0.946	0.960	0.703	0.953
0.992	0.963	0.993	0.000	0.957	0	0.998	0.997	0.994	0.922	0.992	0.875	0.985	0.994	0.969	0.934	0.996	0.974	0.887	0.968	0.885	0.994	0.995	0.000	0.979	0.959	0.965	0.990	0.901	0.994	0.975	0.955	0.898	0.819	0.968	0.920	0.888	0.973	0.956	0.952	0.877	0.993	0.970	0.899	0.993	0.903	0.995	0.969	0.891	0.996	0.000	0.944	0.974
0.572	0.888	0.966	0.997	0.993	0.998	0	0.000	0.265	0.865	0.976	0.708	0.648	0.551	1.000	0.736	0.000	0.995	0.997	0.978	0.981	0.952	0.954	0.998	0.969	1.000	0.946	0.985	0.874	0.969	0.983	0.901	0.993	0.947	0.995	0.881	0.975	0.990	0.876	0.975	0.993	0.130	0.990	0.986	0.971	0.966	1.000	0.953	0.942	0.993	0.996	0.960	0.922
0.581	0.877	0.980	0.997	0.996	0.997	0.000	0	0.196	0.855	0.980	0.701	0.701	0.640	1.000	0.782	0.000	0.994	1.000	0.978	0.988	0.963	0.958	0.997	0.997	1.000	0.941	0.985	0.872	0.985	1.000	0.913	0.992	0.958	1.000	0.880	0.975	0.994	0.863	0.969	0.994	0.003	1.000	0.991	0.980	0.966	1.000	0.975	0.941	0.994	0.996	0.958	0.944
0.622	0.883	0.977	0.990	0.989	0.994	0.265	0.196	0	0.895	0.988	0.736	0.639	0.579	0.996	0.710	0.168	0.989	0.986	0.986	0.981	0.966	0.969	0.994	0.979	0.991	0.960	0.985	0.891	0.972	0.971	0.940	0.992	0.977	0.995	0.908	0.975	0.990	0.879	0.986	0.990	0.296	0.990	0.991	0.977	0.988	1.000	0.974	0.945	0.993	0.991	0.972	0.944
0.922	0.908	0.906	0.939	0.808	0.922	0.865	0.855	0.895	0	0.912	0.805	0.911	0.812	0.938	0.865	0.861	0.950	0.863	0.769	0.814	0.926	0.937	0.937	0.850	0.919	0.844	0.980	0.858	0.898	0.840	0.777	0.938	0.962	0.905	0.715	0.834	0.863	0.903	0.981	0.904	0.875	0.891	0.789	0.908	0.945	0.925	0.825	0.891	0.945	0.892	0.770	0.759
0.964	0.952	0.932	0.996	0.944	0.992	0.976	0.980	0.988	0.912	0	0.859	0.980	0.976	1.000	0.956	0.987	0.976	0.892	0.843	0.892	0.964	0.964	0.996	0.948	1.000	0.261	0.990	0.880	0.956	0.962	0.835	0.896	0.823	0.959	0.912	0.859	0.904	0.952	0.992	1.000	0.980	0.970	0.899	0.944	0.699	0.986	0.936	0.984	0.976	0.996	0.000	0.927
0.781	0.897	0.874	0.875	0.841	0.875	0.708	0.701	0.736	0.805	0.859	0	0.799	0.717	0.872	0.000	0.685	0.902	0.818	0.783	0.842	0.890	0.877	0.884	0.838	0.748	0.806	0.797	0.000	0.892	0.849	0.798	0.852	0.898	0.887	0.771	0.823	0.900	0.893	0.897	0.730	0.748	0.801	0.853	0.871	0.899	0.863	0.853	0.746	0.899	0.798	0.829	0.759
0.713	0.864	0.962	0.986	0.967	0.985	0.648	0.701	0.639	0.911	0.980	0.799	0	0.574	0.991	0.865	0.702	0.976	0.997	0.993	0.978	0.956	0.956	0.988	0.982	1.000	0.929	0.975	0.902	0.966	0.987	0.947	0.988	0.947	1.000	0.787	0.970	0.979	0.852	0.964	0.988	0.660	1.000	0.982	0.964	0.956	0.981	0.956	0.923	0.976	0.991	0.959	0.940
0.712	0.922	0.917	1.000	0.960	0.994	0.551	0.640	0.579	0.812	0.976	0.717	0.574	0	0.987	0.756	0.605	0.989	0.976	0.949	0.978	0.966	0.964	0.994	0.948	0.995	0.909	0.965	0.850	0.923	0.979	0.845	0.994	0.943	1.000	0.767	0.967	0.970	0.917	0.978	0.992	0.557	1.000	0.977	0.922	0.947	0.986	0.922	0.900	0.967	0.991	0.889	0.892
1.000	0.699	0.947	0.996	0.938	0.969	1.000	1.000	0.996	0.938	1.000	0.872	0.991	0.987	0	0.973	1.000	0.000	0.991	1.000	0.978	0.982	0.982	0.996	0.916	0.977	0.903	0.995	0.894	0.996	0.996	0.969	0.792	0.978	1.000	0.845	0.956	0.969	0.695	0.996	0.942	1.000	0.990	1.000	0.973	0.978	1.000	0.898	0.827	0.969	0.996	1.000	0.951
0.838	0.954	0.908	0.966	0.953	0.934	0.736	0.782	0.710	0.865	0.956	0.000	0.865	0.756	0.973	0	0.807	0.980	0.942	0.949	0.941	0.977	0.970	0.947	0.950	0.860	0.865	0.975	0.624	0.954	0.962	0.908	0.914	0.992	0.973	0.756	0.891	0.947	0.954	0.980	0.851	0.703	0.940	0.954	0.924	0.990	0.991	0.917	0.782	0.990	0.933	0.848	0.897
0.584	0.891	0.979	0.996	1.000	0.996	0.000	0.000	0.168	0.861	0.987	0.685	0.702	0.605	1.000	0.807	0	1.000	1.000	0.987	0.996	0.962	0.958	0.996	0.996	1.000	0.941	0.995	0.857	0.987	1.000	0.899	0.987	0.962	1.000	0.891	0.983	0.996	0.874	0.966	0.992	0.000	1.000	1.000	0.979	0.958	1.000	0.975	0.929	0.992	0.996	0.958	0.961
0.963	0.718	0.963	0.993	0.942	0.974	0.995	0.994	0.989	0.950	0.976	0.902	0.976	0.989	0.000	0.980	1.000	0	0.993	1.000	0.966	0.986	0.987	0.995	0.939	0.977	0.926	0.990	0.916	0.997	0.996	0.974	0.860	0.981	0.995	0.879	0.955	0.966	0.683	0.960	0.960	0.995	0.990	0.982	0.979	0.984	0.995	0.926	0.884	0.960	0.996	0.984	0.931
0.990	0.928	0.918	0.983	0.906	0.887	0.997	1.000	0.986	0.863	0.892	0.818	0.997	0.976	0.991	0.942	1.000	0.993	0	0.874	0.839	0.966	0.962	0.969	0.692	0.995	0.825	0.990	0.873	0.935	0.601	0.842	0.942	0.958	0.910	0.860	0.808	0.935	0.921	0.993	0.966	0.997	0.761	0.872	0.918	0.877	0.986	0.651	0.949	0.990	0.987	0.743	0.944
0.993	0.949	0.881	0.975	0.819	0.968	0.978	0.978	0.986	0.769	0.843	0.783	0.993	0.949	1.000	0.949	0.987	1.000	0.874	0	0.888	0.928	0.928	0.971	0.939	1.000	0.448	0.985	0.801	0.899	0.958	0.841	0.877	0.921	0.968	0.838	0.881	0.722	0.946	0.971	0.982	0.978	0.945	0.881	0.881	0.881	0.986	0.913	0.949	0.982	0.969	0.000	0.974
0.978	0.947	0.929	0.949	0.859	0.885	0.981	0.988	0.981	0.814	0.892	0.842	0.978	0.978	0.978	0.941	0.996	0.966	0.839	0.888	0	0.988	0.988	0.938	0.867	0.982	0.793	1.000	0.851	0.957	0.853	0.901	0.796	0.936	0.937	0.796	0.000	0.920	0.926	0.972	0.963	0.985	0.896	0.000	0.929	0.920	0.943	0.824	0.929	0.954	0.942	0.817	0.970
0.949	0.734	0.963	0.997	1.000	0.994	0.952	0.963	0.966	0.926	0.964	0.890	0.956	0.966	0.982	0.977	0.962	0.986	0.966	0.928	0.988	0	0.000	0.997	0.985	0.995	0.966	0.980	0.918	0.963	0.996	0.918	0.994	0.985	0.977	0.898	0.975	0.980	0.728	0.992	0.997	0.958	0.965	0.995	0.963	0.980	0.995	0.932	0.983	0.994	0.996	0.887	0.767
0.952	0.766	0.961	0.997	1.000	0.995	0.954	0.958	0.969	0.937	0.964	0.877	0.956	0.964	0.982	0.970	0.958	0.987	0.962	0.928	0.988	0.000	0	0.998	0.982	0.995	0.971	0.965	0.911	0.963	0.992	0.923	0.995	0.985	0.968	0.908	0.978	0.983	0.759	0.986	0.998	0.959	0.965	0.995	0.969	0.983	0.995	0.935	0.986	0.990	0.996	0.904	0.767
0.995	0.975	0.992	0.000	0.967	0.000	0.998	0.997	0.994	0.937	0.996	0.884	0.988	0.994	0.996	0.947	0.996	0.995	0.969	0.971	0.938	0.997	0.998	0	0.988	0.959	0.971	1.000	0.914	0.994	0.987	0.961	0.907	0.845	0.973	0.928	0.945	0.990	0.964	0.949	0.892	0.994	0.970	0.940	0.992	0.912	0.995	0.987	0.897	0.998	0.000	0.947	0.978
0.982	0.954	0.887	0.990	0.891	0.979	0.969	0.997	0.979	0.850	0.948	0.838	0.982	0.948	0.916	0.950	0.996	0.939	0.692	0.939	0.867	0.985	0.982	0.988	0	0.986	0.878	0.995	0.878	0.920	0.134	0.817	0.920	0.955	0.923	0.844	0.838	0.945	0.942	0.960	0.976	0.979	0.811	0.867	0.887	0.899	0.962	0.000	0.948	0.966	0.996	0.893	0.931
1.000	0.986	0.986	0.977	0.923	0.959	1.000	1.000	0.991	0.919	1.000	0.748	1.000	0.995	0.977	0.860	1.000	0.977	0.995	1.000	0.982	0.995	0.995	0.959	0.986	0	0.923	0.995	0.860	1.000	0.986	0.950	0.815	1.000	0.986	0.712	0.892	0.986	0.986	0.991	0.000	1.000	0.940	0.995	0.991	0.995	0.981	0.959	0.000	0.982	0.964	0.950	0.968
0.874	0.925	0.880	0.973	0.511	0.965	0.946	0.941	0.960	0.844	0.261	0.806	0.929	0.909	0.903	0.865	0.941	0.926	0.825	0.448	0.793	0.966	0.971	0.971	0.878	0.923	0	0.985	0.842	0.858	0.912	0.800	0.847	0.766	0.914	0.692	0.834	0.756	0.913	0.971	0.863	0.958	0.900	0.807	0.882	0.806	0.929	0.886	0.861	0.954	0.946	0.432	0.922
0.970	0.901	0.985	1.000	0.990	0.990	0.985	0.985	0.985	0.980	0.990	0.797	0.975	0.965	0.995	0.975	0.995	0.990	0.990	0.985	1.000	0.980	0.965	1.000	0.995	0.995	0.985	0	0.812	1.000	1.000	0.980	0.990	1.000	0.990	0.916	0.921	0.980	0.827	0.361	0.995	0.975	0.995	1.000	0.990	0.995	1.000	0.980	0.995	0.985	1.000	0.975	0.990
0.894	0.919	0.905	0.916	0.862	0.901	0.874	0.872	0.891	0.858	0.880	0.000	0.902	0.850	0.894	0.624	0.857	0.916	0.873	0.801	0.851	0.918	0.911	0.914	0.878	0.860	0.842	0.812	0	0.935	0.887	0.854	0.882	0.906	0.914	0.787	0.852	0.917	0.888	0.905	0.814	0.886	0.861	0.858	0.908	0.905	0.873	0.890	0.824	0.905	0.861	0.838	0.823
0.969	0.975	0.000	1.000	0.946	0.994	0.969	0.985	0.972	0.898	0.956	0.892	0.966	0.923	0.996	0.954	0.987	0.997	0.935	0.899	0.957	0.963	0.963	0.994	0.920	1.000	0.858	1.000	0.935	0	0.950	0.735	0.914	0.958	0.928	0.877	0.929	0.904	0.954	0.988	0.938	0.954	0.920	0.954	0.000	0.938	0.981	0.858	0.830	0.975	0.996	0.846	0.918
1.000	0.983	0.924	0.992	0.908	0.975	0.983	1.000	0.971	0.840	0.962	0.849	0.987	0.979	0.996	0.962	1.000	0.996	0.601	0.958	0.853	0.996	0.992	0.987	0.134	0.986	0.912	1.000	0.887	0.950	0	0.878	0.945	0.983	0.928	0.895	0.832	0.962	0.983	0.987	0.983	0.996	0.826	0.899	0.924	0.908	0.972	0.000	0.975	0.971	0.996	0.912	0.953
0.919	0.916	0.753	0.949	0.844	0.955	0.901	0.913	0.940	0.777	0.835	0.798	0.947	0.845	0.969	0.908	0.899	0.974	0.842	0.841	0.901	0.918	0.923	0.961	0.817	0.950	0.800	0.980	0.854	0.735	0.878	0	0.895	0.958	0.923	0.770	0.897	0.866	0.906	0.987	0.919	0.914	0.915	0.894	0.758	0.929	0.844	0.753	0.876	0.903	0.937	0.745	0.754
0.950	0.924	0.926	0.872	0.790	0.898	0.993	0.992	0.992	0.938	0.896	0.852	0.988	0.994	0.792	0.914	0.987	0.860	0.942	0.877	0.796	0.994	0.995	0.907	0.920	0.815	0.847	0.990	0.882	0.914	0.945	0.895	0	0.943	0.964	0.839	0.838	0.820	0.895	0.938	0.814	0.994	0.915	0.876	0.928	0.954	0.910	0.898	0.778	0.947	0.857	0.863	0.974
0.887	0.958	0.940	0.928	0.958	0.819	0.947	0.958	0.977	0.962	0.823	0.898	0.947	0.943	0.978	0.992	0.962	0.981	0.958	0.921	0.936	0.985	0.985	0.845	0.955	1.000	0.766	1.000	0.906	0.958	0.983	0.958	0.943	0	0.995	0.921	0.932	0.992	0.932	0.981	0.989	0.909	0.995	0.936	0.940	0.000	1.000	0.943	0.985	0.955	1.000	0.770	0.991
0.977	0.991	0.855	0.986	0.973	0.968	0.995	1.000	0.995	0.905	0.959	0.887	1.000	1.000	1.000	0.973	1.000	0.995	0.910	0.968	0.937	0.977	0.968	0.973	0.923	0.986	0.914	0.990	0.914	0.928	0.928	0.923	0.964	0.995	0	0.887	0.928	0.950	0.982	1.000	0.986	0.982	0.965	0.977	0.905	0.353	0.972	0.900	0.977	0.973	0.973	0.882	0.959
0.872	0.832	0.865	0.922	0.522	0.920	0.881	0.880	0.908	0.715	0.912	0.771	0.787	0.767	0.845	0.756	0.891	0.879	0.860	0.838	0.796	0.898	0.908	0.928	0.844	0.712	0.692	0.916	0.787	0.877	0.895	0.770	0.839	0.921	0.887	0	0.784	0.759	0.858	0.915	0.652	0.911	0.826	0.872	0.837	0.917	0.901	0.857	0.673	0.943	0.874	0.844	0.733
0.972	0.933	0.919	0.936	0.833	0.888	0.975	0.975	0.975	0.834	0.859	0.823	0.970	0.967	0.956	0.891	0.983	0.955	0.808	0.881	0.000	0.975	0.978	0.945	0.838	0.892	0.834	0.921	0.852	0.929	0.832	0.897	0.838	0.932	0.928	0.784	0	0.922	0.911	0.967	0.885	0.977	0.866	0.000	0.923	0.938	0.929	0.854	0.844	0.954	0.915	0.844	0.944
0.975	0.968	0.902	0.993	0.772	0.973	0.990	0.994	0.990	0.863	0.904	0.900	0.979	0.970	0.969	0.947	0.996	0.966	0.935	0.722	0.920	0.980	0.983	0.990	0.945	0.986	0.756	0.980	0.917	0.904	0.962	0.866	0.820	0.992	0.950	0.759	0.922	0	0.951	0.932	0.946	0.988	0.905	0.931	0.905	0.976	0.991	0.905	0.907	0.995	0.982	0.680	0.978
0.856	0.000	0.926	0.966	0.902	0.956	0.876	0.863	0.879	0.903	0.952	0.893	0.852	0.917	0.695	0.954	0.874	0.683	0.921	0.946	0.926	0.728	0.759	0.964	0.942	0.986	0.913	0.827	0.888	0.954	0.983	0.906	0.895	0.932	0.982	0.858	0.911	0.951	0	0.717	0.939	0.877	0.960	0.945	0.936	0.950	0.901	0.948	0.892	0.899	0.955	0.949	0.858
0.947	0.936	0.969	0.943	0.949	0.952	0.975	0.969	0.986	0.981	0.992	0.897	0.964	0.978	0.996	0.980	0.966	0.960	0.993	0.971	0.972	0.992	0.986	0.949	0.960	0.991	0.971	0.361	0.905	0.988	0.987	0.987	0.938	0.981	1.000	0.915	0.967	0.932	0.717	0	0.971	0.977	0.995	0.995	0.971	0.990	0.986	0.971	0.965	0.980	0.946	0.979	0.978
0.987	0.958	0.814	0.932	0.837	0.877	0.993	0.994	0.990	0.904	1.000	0.730	0.988	0.992	0.942	0.851	0.992	0.960	0.966	0.982	0.963	0.997	0.998	0.892	0.976	0.000	0.863	0.995	0.814	0.938	0.983	0.919	0.814	0.989	0.986	0.652	0.885	0.946	0.939	0.971	0	0.995	0.841	0.991	0.816	0.990	0.920	0.951	0.000	0.956	0.821	0.953	0.927
0.534	0.885	0.958	0.997	0.993	0.993	0.130	0.003	0.296	0.875	0.980	0.748	0.660	0.557	1.000	0.703	0.000	0.995	0.997	0.978	0.985	0.958	0.959	0.994	0.979	1.000	0.958	0.975	0.886	0.954	0.996	0.914	0.994	0.909	0.982	0.911	0.977	0.988	0.877	0.977	0.995	0	0.995	0.991	0.962	0.943	0.995	0.962	0.951	0.969	0.987	0.967	0.914
0.985	0.960	0.806	0.980	0.886	0.970	0.990	1.000	0.990	0.891	0.970	0.801	1.000	1.000	0.990	0.940	1.000	0.990	0.761	0.945	0.896	0.965	0.965	0.970	0.811	0.940	0.900	0.995	0.861	0.920	0.826	0.915	0.915	0.995	0.965	0.826	0.866	0.905	0.960	0.995	0.841	0.995	0	0.950	0.821	0.990	0.965	0.776	0.816	0.960	0.975	0.861	0.985
0.982	0.954	0.927	0.940	0.908	0.899	0.986	0.991	0.991	0.789	0.899	0.853	0.982	0.977	1.000	0.954	1.000	0.982	0.872	0.881	0.000	0.995	0.995	0.940	0.867	0.995	0.807	1.000	0.858	0.954	0.899	0.894	0.876	0.936	0.977	0.872	0.000	0.931	0.945	0.995	0.991	0.991	0.950	0	0.927	0.917	0.958	0.835	0.977	0.959	0.954	0.798	0.982
0.970	0.962	0.000	0.993	0.870	0.993	0.971	0.980	0.977	0.908	0.944	0.871	0.964	0.922	0.973	0.924	0.979	0.979	0.918	0.881	0.929	0.963	0.969	0.992	0.887	0.991	0.882	0.990	0.908	0.000	0.924	0.758	0.928	0.940	0.905	0.837	0.923	0.905	0.936	0.971	0.816	0.962	0.821	0.927	0	0.949	0.939	0.885	0.795	0.956	0.987	0.892	0.901
0.904	0.970	0.947	0.932	0.953	0.903	0.966	0.966	0.988	0.945	0.699	0.899	0.956	0.947	0.978	0.990	0.958	0.984	0.877	0.881	0.920	0.980	0.983	0.912	0.899	0.995	0.806	0.995	0.905	0.938	0.908	0.929	0.954	0.000	0.353	0.917	0.938	0.976	0.950	0.990	0.990	0.943	0.990	0.917	0.949	0	0.962	0.927	0.988	0.945	0.996	0.780	0.957
0.995	0.943	0.934	0.995	0.934	0.995	1.000	1.000	1.000	0.925	0.986	0.863	0.981	0.986	1.000	0.991	1.000	0.995	0.986	0.986	0.943	0.995	0.995	0.995	0.962	0.981	0.929	1.000	0.873	0.981	0.972	0.844	0.910	1.000	0.972	0.901	0.929	0.991	0.901	0.986	0.920	0.995	0.965	0.958	0.939	0.962	0	0.896	0.915	0.000	0.995	0.962	0.976
0.960	0.952	0.890	0.983	0.837	0.969	0.953	0.975	0.974	0.825	0.936	0.853	0.956	0.922	0.898	0.917	0.975	0.926	0.651	0.913	0.824	0.932	0.935	0.987	0.000	0.959	0.886	0.980	0.890	0.858	0.000	0.753	0.898	0.943	0.900	0.857	0.854	0.905	0.948	0.971	0.951	0.962	0.776	0.835	0.885	0.927	0.896	0	0.939	0.932	0.987	0.897	0.849
0.957	0.908	0.802	0.916	0.797	0.891	0.942	0.941	0.945	0.891	0.984	0.746	0.923	0.900	0.827	0.782	0.929	0.884	0.949	0.949	0.929	0.983	0.986	0.897	0.948	0.000	0.861	0.995	0.824	0.830	0.975	0.876	0.778	0.985	0.977	0.673	0.844	0.907	0.892	0.965	0.000	0.951	0.816	0.977	0.795	0.988	0.915	0.939	0	0.952	0.798	0.932	0.905
0.955	0.936	0.923	0.997	0.946	0.996	0.993	0.994	0.993	0.945	0.976	0.899	0.976	0.967	0.969	0.990	0.992	0.960	0.990	0.982	0.954	0.994	0.990	0.998	0.966	0.982	0.954	0.985	0.905	0.975	0.971	0.903	0.947	0.955	0.973	0.943	0.954	0.995	0.899	0.980	0.956	0.969	0.960	0.959	0.956	0.945	0.000	0.932	0.952	0	0.996	0.971	0.970
1.000	0.960	0.987	0.215	0.960	0.000	0.996	0.996	0.991	0.892	0.996	0.798	0.991	0.991	0.996	0.933	0.996	0.996	0.987	0.969	0.942	0.996	0.996	0.000	0.996	0.964	0.946	1.000	0.861	0.996	0.996	0.937	0.857	1.000	0.973	0.874	0.915	0.982	0.955	0.946	0.821	0.987	0.975	0.954	0.987	0.996	0.995	0.987	0.798	0.996	0	0.906	0.978
0.950	0.938	0.906	0.919	0.703	0.944	0.960	0.958	0.972	0.770	0.000	0.829	0.959	0.889	1.000	0.848	0.958	0.984	0.743	0.000	0.817	0.887	0.904	0.947	0.893	0.950	0.432	0.975	0.838	0.846	0.912	0.745	0.863	0.770	0.882	0.844	0.844	0.680	0.949	0.979	0.953	0.967	0.861	0.798	0.892	0.780	0.962	0.897	0.932	0.971	0.906	0	0.871
0.944	0.862	0.897	0.991	0.953	0.974	0.922	0.944	0.944	0.759	0.927	0.759	0.940	0.892	0.951	0.897	0.961	0.931	0.944	0.974	0.970	0.767	0.767	0.978	0.931	0.968	0.922	0.990	0.823	0.918	0.953	0.754	0.974	0.991	0.959	0.733	0.944	0.978	0.858	0.978	0.927	0.914	0.985	0.982	0.901	0.957	0.976	0.849	0.905	0.970	0.978	0.871	0
